50 60 08
0 0.5 
3666 1882 2283 1770 1666 4259 2599 3494 3768 1690 4107 3891 1976 4014 3144 2011 3619 3088 3114 3628 2691 4373 3097 3135 4101 2710 2207 3515 2817 3307 3829 1989 2423 2940 1950 3833 3604 2128 2948 4359 4451 1748 3019 3817 1970 2088 2772 2244 4061 2925 4314 3595 2403 2904 1800 4275 2055 4053 2738 3681 
1 0.56 
46 21 86 84 82 98 80 16 7 74 43 94 88 16 12 53 86 32 40 44 16 44 94 69 66 94 86 45 54 87 11 32 95 21 31 61 75 72 79 71 92 17 14 91 88 65 6 11 17 67 36 62 54 50 45 95 80 81 47 51 
91 30 55 19 18 27 25 86 63 22 79 30 21 29 37 19 57 10 67 45 8 99 39 38 99 54 8 84 36 57 42 19 12 68 92 37 51 23 56 34 82 41 18 62 85 95 61 37 75 26 59 10 92 66 25 58 65 11 77 83 
2 0.55 
24 36 86 6 14 98 19 50 86 8 18 66 72 28 44 8 9 7 88 32 47 96 59 84 41 66 94 56 33 46 66 52 22 34 15 23 15 45 61 19 79 94 21 68 80 52 98 85 93 62 72 50 45 42 89 52 14 6 92 21 
6 7 15 55 10 95 86 27 13 20 53 41 47 38 89 41 85 8 56 67 92 92 98 75 70 79 82 94 48 99 70 64 12 99 97 70 5 36 6 37 75 61 19 8 53 38 41 67 34 66 82 63 80 88 70 85 12 45 27 94 
3 0.58 
6 11 12 36 14 42 8 8 39 25 75 13 38 85 78 26 10 47 37 80 89 57 61 43 46 82 91 87 79 55 28 45 26 93 55 97 39 78 23 37 52 30 63 33 77 92 52 43 53 59 73 47 77 64 53 22 53 95 21 60 
90 82 24 73 83 41 54 19 94 90 44 21 42 35 72 18 82 83 43 80 72 8 15 81 99 77 33 81 55 70 20 33 17 49 35 75 14 50 56 30 92 41 37 48 67 54 57 40 82 63 83 55 50 20 72 43 28 77 51 54 
4 0.97 
60 11 76 63 20 23 96 99 76 98 60 76 25 50 35 17 83 84 34 93 21 92 84 87 20 31 31 55 96 93 26 40 71 73 5 64 41 73 64 31 63 31 90 67 96 57 15 99 61 85 44 6 57 13 7 90 76 27 34 39 
92 25 89 25 18 51 22 91 89 98 21 75 6 75 20 88 54 11 17 42 27 99 92 82 11 15 16 28 83 77 50 17 36 57 26 20 85 52 47 6 47 37 86 81 88 43 39 7 99 58 57 8 33 44 20 13 18 55 24 37 
5 0.65 
94 76 63 56 30 9 50 63 91 10 26 94 64 23 98 39 48 68 32 48 73 32 81 50 94 28 62 13 86 10 74 37 53 51 69 17 85 80 62 87 13 32 6 70 62 40 31 84 34 63 60 74 71 69 5 23 78 26 67 83 
28 81 47 87 47 18 35 10 17 44 16 24 70 9 16 25 46 18 13 94 33 33 74 55 75 98 18 44 31 5 24 74 41 74 85 8 31 96 99 31 31 70 97 37 60 26 99 80 22 22 76 31 53 72 96 32 33 8 71 76 
6 0.55 
62 77 61 59 53 100 34 75 20 43 22 60 48 99 78 49 43 27 57 33 26 33 7 60 95 54 66 40 13 90 22 96 85 84 87 55 32 24 83 78 82 59 96 8 11 41 6 25 84 26 39 13 96 72 52 47 66 97 62 90 
10 17 19 78 76 50 97 92 86 33 25 39 73 62 21 67 28 25 43 75 99 64 8 64 15 59 80 19 10 75 95 19 83 9 76 7 91 39 64 72 26 19 13 47 94 89 34 66 30 86 68 93 23 74 71 100 70 91 44 14 
7 0.65 
60 97 79 83 24 94 13 28 44 85 83 43 29 48 41 67 87 23 99 79 34 13 86 55 11 43 64 53 93 91 61 48 21 21 73 91 92 11 61 13 77 68 62 99 40 46 82 22 86 45 21 54 72 52 38 64 33 77 62 54 
23 60 17 83 70 49 76 68 76 82 49 76 51 95 70 50 87 54 23 87 42 20 78 100 93 31 93 61 43 37 89 76 80 68 78 90 6 74 22 14 48 57 86 46 83 62 69 87 55 48 36 69 73 80 72 49 49 32 88 48 
8 0.61 
41 36 100 41 44 65 65 38 83 46 97 24 42 31 39 70 85 54 78 41 32 28 66 29 94 35 67 73 44 83 72 50 47 49 58 50 13 70 60 16 43 91 42 92 31 7 89 63 92 8 9 22 32 13 41 43 93 90 87 43 
29 34 49 37 68 73 76 14 62 72 67 74 8 54 21 79 85 57 62 45 7 39 12 68 37 67 80 95 44 77 18 7 73 67 17 69 97 98 80 28 70 29 75 9 91 70 22 10 10 24 22 63 96 14 39 93 28 17 60 31 
9 0.79 
96 20 29 79 82 54 24 55 35 32 66 93 25 95 52 61 25 25 81 85 98 76 69 23 91 84 91 69 28 7 84 85 9 10 57 55 83 20 53 11 42 89 65 47 80 5 57 75 65 23 12 36 21 27 47 53 19 58 97 80 
90 82 63 61 25 60 61 26 54 74 8 33 32 58 7 75 95 22 60 96 41 16 13 22 27 83 64 77 45 12 17 30 81 17 60 51 42 42 89 38 32 51 7 58 56 38 19 81 64 13 47 83 46 73 50 29 81 59 54 9 
10 0.59 
13 61 65 91 35 94 61 68 99 61 6 55 45 23 87 44 46 15 19 52 85 40 65 76 85 88 91 31 81 26 91 67 5 51 79 50 74 26 32 94 6 97 71 25 81 87 17 42 30 68 9 95 44 73 63 49 96 83 8 73 
48 98 71 34 7 88 29 25 57 23 5 41 12 21 77 12 71 88 54 13 81 44 6 39 78 55 69 32 66 32 95 73 86 40 69 53 77 86 82 21 42 58 54 17 26 88 86 26 85 62 17 78 34 62 47 39 79 79 71 25 
11 0.96 
54 85 42 43 26 85 11 44 15 91 59 8 50 88 25 94 64 73 62 7 99 89 43 89 98 71 71 76 94 16 23 17 98 31 83 72 67 51 57 20 43 22 44 54 37 28 33 48 68 78 66 89 26 55 30 75 37 26 85 25 
82 97 6 25 28 85 45 49 29 78 37 79 60 36 63 95 62 77 64 85 66 83 33 44 27 48 44 7 34 95 48 33 94 36 65 78 89 8 33 23 45 15 72 45 85 14 10 98 18 10 37 30 91 94 95 92 93 22 32 56 
12 0.93 
22 29 8 88 57 66 23 58 30 91 97 91 49 10 81 11 62 71 22 5 16 90 12 59 30 14 59 11 23 92 55 25 14 15 26 65 69 12 56 79 75 26 42 21 51 47 15 80 86 86 96 71 62 34 85 43 97 41 93 37 
88 41 34 98 83 70 8 10 40 24 18 63 90 25 97 19 53 37 6 40 69 83 96 74 9 34 52 98 39 7 13 34 14 93 31 27 95 94 95 23 23 51 45 49 19 44 52 8 73 69 21 27 6 8 29 60 22 15 37 16 
13 0.98 
15 52 51 62 49 51 64 38 92 53 79 29 70 54 76 10 72 9 29 6 78 92 17 21 7 36 49 34 56 19 58 10 73 82 61 72 44 29 6 22 65 20 21 47 96 59 6 41 99 10 62 15 90 11 24 68 11 47 67 79 
99 31 7 55 72 21 65 98 53 52 16 87 53 42 21 32 40 68 24 61 74 69 61 10 94 20 94 91 70 21 73 80 14 78 26 19 20 59 35 98 67 29 87 33 70 39 92 88 47 76 57 46 21 85 54 96 16 100 93 10 
14 0.74 
72 60 38 10 69 62 54 53 94 74 41 72 87 37 26 38 83 80 99 10 14 18 69 24 36 12 43 13 48 6 93 16 67 50 7 78 63 60 88 28 96 79 48 43 71 93 93 9 71 52 99 93 64 29 66 88 19 6 10 21 
18 26 7 57 30 7 83 46 33 46 18 49 72 35 72 16 50 45 52 93 84 42 68 84 74 76 27 16 9 64 69 68 31 45 88 26 74 37 50 45 41 91 13 9 75 43 62 18 7 60 68 31 51 54 60 12 31 49 41 92 
15 0.69 
60 93 63 21 86 51 6 42 23 36 100 14 98 90 20 66 15 95 24 33 60 77 66 65 60 54 50 62 29 7 52 25 62 85 14 61 70 86 54 17 83 41 36 62 83 89 59 89 18 44 65 48 48 77 25 54 11 58 73 22 
91 51 35 17 16 85 48 39 90 99 9 67 63 50 70 22 66 82 54 96 83 82 57 47 60 49 25 65 32 69 27 17 30 18 78 60 23 41 13 20 61 79 72 22 11 43 66 70 98 82 14 45 46 27 45 90 42 19 92 18 
16 0.84 
57 65 25 54 93 65 83 60 30 37 95 69 25 73 66 24 31 31 80 67 52 90 8 99 100 78 49 19 44 94 49 75 91 78 88 8 30 26 35 55 59 47 66 95 16 66 90 59 77 67 82 84 95 67 41 77 83 53 38 69 
73 54 91 16 95 29 34 25 65 27 64 38 95 50 20 64 9 57 16 77 17 91 11 88 82 33 66 28 15 68 39 31 69 50 71 28 22 30 8 94 90 88 84 32 75 6 31 81 62 28 63 28 81 80 82 80 80 74 91 91 
17 0.91 
25 73 90 40 75 72 91 83 80 47 97 20 42 48 62 78 12 6 88 44 10 91 60 30 49 8 36 45 42 13 98 16 23 48 30 65 54 82 44 32 64 41 91 46 58 49 7 36 76 13 10 46 19 28 76 9 94 91 62 45 
62 38 71 14 44 58 32 70 88 92 91 34 59 28 39 83 11 49 17 91 87 74 28 81 32 83 80 48 52 59 26 42 58 94 62 95 59 79 70 60 58 69 25 27 11 86 89 44 46 24 75 30 83 19 78 48 43 88 36 65 
18 0.81 
59 94 85 62 52 23 45 79 93 34 82 73 52 10 86 35 18 38 37 49 49 66 20 75 69 43 52 65 24 33 63 90 21 38 54 81 24 43 26 39 44 95 26 93 38 100 7 16 52 51 52 71 61 66 8 60 41 95 38 43 
32 59 63 12 84 52 68 61 33 74 58 80 70 46 96 77 51 90 8 74 21 65 28 74 23 71 88 18 33 97 34 15 85 76 84 27 25 58 70 61 20 36 63 71 100 57 77 51 69 18 76 81 57 74 28 94 43 65 11 59 
19 0.58 
90 98 60 59 30 25 77 78 90 97 77 80 30 82 47 49 48 27 85 83 25 7 57 56 8 38 6 7 12 63 83 55 11 10 94 73 42 45 45 53 21 48 25 17 65 97 67 54 45 15 10 34 25 18 32 76 88 81 27 26 
22 70 49 33 74 72 65 64 91 47 81 99 72 26 57 85 66 15 72 59 66 89 95 9 60 65 6 89 19 77 59 54 13 87 59 29 15 43 86 30 16 57 86 89 69 49 82 42 71 52 68 46 93 69 64 71 16 43 84 28 
20 0.58 
46 14 9 86 89 97 99 63 24 39 94 22 35 85 46 43 87 51 98 63 19 43 98 53 41 36 26 95 64 91 35 99 10 29 62 67 54 94 88 48 85 95 71 68 28 6 45 43 7 41 59 19 6 17 54 12 22 60 41 78 
43 48 92 84 86 15 33 60 31 84 31 80 28 66 95 48 6 10 30 67 32 55 32 96 57 60 57 86 48 25 68 34 51 33 80 35 8 91 61 93 52 99 87 50 41 47 35 76 94 61 44 19 67 71 78 73 48 77 92 25 
21 0.68 
35 54 80 11 43 74 12 53 45 46 24 86 79 73 5 34 79 70 62 66 10 71 81 61 9 56 92 7 80 65 60 7 54 46 78 58 13 49 34 13 40 10 88 70 78 34 55 58 91 73 53 6 79 95 29 55 83 18 41 93 
23 13 30 68 63 84 22 46 7 38 17 75 58 34 34 17 23 48 99 35 43 43 24 28 74 86 33 28 66 38 41 95 89 100 66 26 52 83 71 90 65 47 71 22 99 73 64 53 94 28 33 67 84 38 49 66 98 100 5 28 
22 0.82 
10 27 17 89 23 29 31 85 71 94 14 32 34 36 37 53 40 38 85 34 50 90 78 34 65 52 26 51 17 98 97 38 78 7 80 22 87 12 9 81 85 85 28 30 24 92 34 24 96 83 7 92 21 10 59 58 63 37 49 45 
62 75 69 96 55 80 12 83 6 14 82 58 80 36 34 74 16 22 17 93 66 16 74 40 96 45 42 91 67 27 100 72 87 55 63 81 86 97 58 17 22 58 66 59 25 77 100 36 35 87 69 57 9 10 22 88 16 59 49 61 
23 0.61 
93 69 86 44 50 23 45 66 56 73 12 51 14 24 49 83 13 96 60 72 21 29 58 34 39 29 43 86 94 23 99 32 33 10 42 40 73 87 76 66 92 72 59 83 61 36 98 74 33 12 70 14 51 52 50 43 65 70 66 70 
66 88 88 25 8 34 54 42 15 51 92 35 27 51 15 52 9 17 23 75 74 87 79 68 32 25 36 20 50 80 93 47 38 58 27 26 37 33 13 98 61 80 16 67 35 99 61 82 41 40 46 50 37 70 79 23 8 99 81 88 
24 0.73 
41 20 40 32 48 60 62 73 19 74 12 76 90 90 12 23 9 40 11 29 43 31 19 65 92 12 21 53 51 39 94 99 76 93 27 30 80 92 29 61 21 25 6 97 77 85 50 27 57 84 30 92 77 63 24 16 78 42 96 56 
12 49 10 43 73 75 81 78 48 38 92 70 9 95 43 49 73 61 38 42 59 71 47 66 7 43 17 99 89 39 10 87 81 63 54 90 63 71 57 28 20 80 80 58 85 73 58 89 51 8 97 42 40 20 85 35 62 74 63 42 
25 0.93 
81 45 70 66 88 12 61 54 36 87 62 65 50 67 88 50 25 77 15 30 18 79 28 12 45 39 58 16 15 37 25 52 18 35 63 50 67 73 6 86 27 49 97 19 30 31 82 78 70 87 81 86 90 50 49 82 49 37 85 20 
35 46 92 93 24 21 28 42 79 6 46 37 22 91 59 8 68 75 72 25 70 13 92 17 20 95 48 21 33 34 38 95 54 99 94 88 84 28 49 10 97 7 87 42 73 64 71 23 16 40 90 44 43 89 13 65 83 86 61 36 
26 0.81 
9 97 90 11 8 12 77 54 71 10 10 84 94 14 73 55 71 83 29 62 31 93 18 57 67 97 43 15 20 81 44 59 66 44 97 93 42 33 98 95 64 5 56 18 91 26 8 77 95 57 11 93 57 77 82 95 60 40 81 60 
73 50 62 34 16 26 15 20 16 88 48 66 48 86 79 79 35 52 82 45 9 46 95 76 17 56 96 98 50 87 85 41 33 65 6 65 91 56 12 96 30 48 9 78 24 44 98 100 34 28 27 92 57 15 11 76 27 88 83 37 
27 0.66 
16 58 40 96 28 45 66 96 84 57 15 100 33 26 88 26 67 97 19 40 85 74 77 71 80 93 86 78 97 20 89 35 61 97 43 73 46 88 79 43 15 71 36 71 67 43 94 53 27 73 89 26 79 90 59 95 12 95 28 39 
44 43 72 83 92 31 20 71 76 97 51 12 47 28 16 77 32 82 85 92 99 78 78 52 89 61 62 68 42 88 64 85 9 99 91 6 99 51 92 79 64 89 27 49 63 80 40 45 68 33 100 96 15 79 50 95 16 87 77 19 
28 0.81 
21 8 37 26 54 12 75 12 57 70 15 80 96 66 33 7 85 62 9 58 47 27 70 88 60 45 47 29 58 84 18 12 33 54 25 60 55 57 91 40 21 87 97 99 71 12 20 75 22 87 31 74 48 73 80 80 62 85 85 51 
44 76 75 22 21 44 54 31 74 25 38 94 53 81 92 20 7 39 48 78 74 23 61 7 58 33 68 44 47 54 80 49 48 46 31 8 32 9 56 67 38 69 55 19 11 67 82 31 29 73 94 47 52 87 33 80 48 94 44 14 
29 0.62 
42 24 69 6 50 54 44 33 67 34 97 19 41 83 32 42 55 99 67 54 27 19 80 78 50 80 21 82 11 67 42 90 9 21 14 77 31 18 80 99 85 75 87 44 13 70 37 15 88 63 32 16 71 35 45 18 11 23 72 24 
47 96 51 17 27 84 45 29 63 75 32 39 92 25 36 14 78 45 46 40 63 44 31 21 97 21 27 94 45 91 34 20 55 83 60 8 93 6 78 28 32 87 37 25 99 53 38 18 6 94 22 76 75 48 76 85 63 6 79 80 
30 0.5 
19 38 96 78 84 39 64 50 82 84 73 92 31 34 97 30 72 7 96 35 41 31 49 72 12 47 59 77 8 77 55 5 74 20 83 37 76 41 18 22 22 11 72 44 49 18 38 44 15 98 19 28 36 26 6 71 86 98 6 73 
87 64 79 36 32 38 8 31 47 60 42 84 15 10 55 95 5 75 24 38 60 14 78 9 82 86 91 92 56 42 93 96 15 20 76 98 22 38 79 80 65 54 28 81 55 16 73 79 99 47 17 62 10 88 34 76 46 47 13 75 
31 0.63 
65 49 77 90 85 10 32 84 34 8 67 43 89 13 35 52 98 30 70 99 77 56 32 40 29 82 78 6 83 56 16 10 86 30 18 23 56 85 25 17 47 85 93 36 71 6 17 65 19 43 26 82 55 71 79 25 49 41 83 71 
7 12 78 76 97 97 84 90 38 14 8 68 10 38 34 27 45 77 67 38 89 98 53 11 54 26 84 38 90 24 19 81 24 44 21 9 91 18 11 91 16 32 12 34 15 66 42 49 47 97 11 51 68 93 79 85 87 37 97 75 
32 0.52 
41 61 33 44 59 77 29 32 39 57 86 52 87 99 83 60 83 61 54 92 60 30 57 26 14 8 60 65 18 20 41 20 99 89 81 11 49 10 16 95 31 97 15 84 22 37 69 69 79 24 34 86 79 11 42 97 84 9 60 82 
69 11 98 50 82 24 47 52 43 94 64 77 14 77 84 24 54 70 57 84 34 19 33 86 42 78 28 25 94 72 34 54 94 18 16 76 38 8 69 6 87 64 29 42 19 9 49 63 92 25 37 34 15 59 30 29 46 78 54 85 
33 0.61 
43 40 87 91 51 92 98 20 23 37 77 35 22 77 52 87 10 60 82 84 77 88 78 20 15 38 29 29 54 60 12 55 40 14 92 78 83 39 34 77 30 82 36 26 36 74 38 65 42 5 48 90 100 65 65 45 15 34 78 58 
71 84 56 43 77 50 39 80 45 85 49 11 51 38 13 10 100 66 25 45 88 88 12 21 53 44 52 94 91 35 41 36 36 13 38 76 99 20 11 60 7 75 48 53 75 16 65 9 16 45 50 80 59 25 51 85 60 86 93 39 
34 0.87 
67 11 57 67 75 15 61 41 36 24 73 14 41 96 12 27 23 17 12 69 87 66 12 15 13 15 95 71 16 25 67 36 47 82 10 32 60 11 71 57 61 13 6 46 67 63 9 11 74 81 85 27 42 99 37 88 63 43 100 49 
27 76 55 20 13 48 18 50 94 90 13 13 92 49 13 81 37 77 44 29 70 44 46 43 71 9 89 63 38 20 86 98 27 95 60 37 55 86 80 25 87 80 21 53 88 75 11 100 100 69 18 29 27 63 26 52 83 44 72 67 
35 0.73 
8 55 47 16 27 75 48 88 33 18 69 77 87 53 21 78 34 62 80 7 96 33 79 67 94 15 97 90 78 89 60 6 6 6 16 95 63 7 54 59 93 77 59 18 6 100 53 21 57 98 95 15 61 70 58 22 52 67 58 86 
57 36 89 20 68 83 22 66 80 54 7 39 94 20 31 63 56 70 42 11 10 75 78 94 40 56 42 22 23 80 97 48 75 62 58 22 71 99 79 70 75 66 57 77 34 9 19 5 68 70 18 40 51 64 50 74 85 65 7 14 
36 0.74 
89 86 50 53 49 59 37 44 40 99 51 22 47 53 6 95 18 76 83 95 96 30 66 53 35 15 24 47 92 90 12 19 19 71 8 45 79 21 90 40 8 42 52 54 99 24 41 59 76 52 56 9 56 45 71 9 9 92 59 33 
46 38 30 87 95 9 67 73 6 11 51 42 86 96 33 36 45 75 98 33 28 52 28 66 74 75 19 15 20 39 46 94 21 66 57 50 66 59 81 46 64 98 26 55 60 19 10 19 64 70 14 65 52 50 11 84 6 33 47 57 
37 0.54 
93 48 53 76 16 89 13 73 77 24 85 93 52 36 50 75 24 77 69 76 37 71 15 54 67 54 80 15 73 35 12 58 49 64 38 87 61 44 12 100 34 16 96 39 44 20 17 22 95 64 14 38 68 66 36 28 27 65 66 32 
90 48 93 90 34 89 78 92 68 5 12 87 58 87 43 55 52 50 15 41 36 11 69 52 26 67 56 67 57 42 83 63 61 89 51 17 43 53 76 66 84 73 13 26 77 99 49 11 69 19 71 31 29 72 34 9 37 49 9 77 
38 0.6 
79 26 62 62 10 82 20 64 34 70 64 43 18 65 19 57 48 41 28 46 45 64 16 21 81 53 80 67 72 18 44 44 51 98 62 97 31 17 78 91 21 21 21 93 27 18 29 80 14 89 95 74 88 57 85 86 32 91 60 61 
27 85 62 55 79 79 77 11 40 92 75 29 48 15 80 10 29 67 56 71 94 32 59 48 83 48 37 18 66 21 26 39 13 98 16 13 91 96 33 98 13 69 21 64 73 48 15 54 75 78 68 49 7 21 50 73 43 67 25 24 
39 0.98 
84 69 26 26 22 86 72 97 73 92 35 89 26 99 70 52 54 88 55 84 38 56 16 11 27 13 33 6 70 27 60 54 43 6 76 86 36 57 76 11 82 80 59 67 53 44 35 40 77 21 63 69 32 100 35 76 28 15 54 49 
56 57 58 15 16 54 98 49 43 13 71 45 78 23 54 77 17 99 8 23 13 12 56 8 48 49 60 69 26 72 24 54 60 14 98 38 94 95 35 79 47 93 52 66 25 74 17 70 26 99 65 99 54 74 71 44 84 57 70 30 
40 0.96 
36 51 97 61 88 15 26 77 78 21 62 84 84 29 10 56 35 21 90 67 59 83 25 27 19 31 74 22 84 16 59 6 82 37 36 94 79 52 17 57 66 68 9 49 41 80 97 67 70 52 30 70 70 17 18 50 50 66 36 30 
77 16 82 47 100 32 86 21 53 77 35 45 75 15 57 64 34 91 11 59 52 50 24 68 54 71 16 40 62 59 47 56 36 84 21 30 12 63 18 44 19 52 24 50 77 65 18 98 84 25 41 36 63 6 76 91 16 14 88 34 
41 0.86 
14 64 64 15 46 36 65 79 97 45 31 38 29 44 49 77 92 75 80 62 76 47 37 19 35 55 26 18 9 63 60 25 10 72 72 7 77 18 64 59 55 68 34 70 34 70 88 25 75 58 63 79 19 47 95 18 37 15 88 54 
60 31 27 63 48 17 92 63 44 8 7 53 76 61 82 13 64 87 16 14 12 15 22 46 84 92 24 76 70 87 12 21 71 23 92 44 54 99 92 41 99 56 6 44 66 26 93 10 39 63 12 76 95 40 15 46 16 67 8 91 
42 0.88 
86 96 52 44 55 18 77 61 92 20 52 19 6 28 98 56 65 64 58 86 95 60 27 36 84 17 10 67 76 37 72 66 13 85 23 76 58 79 86 40 57 18 45 70 99 19 30 60 22 16 74 32 52 85 6 34 40 79 14 97 
98 99 54 60 30 34 91 97 89 34 95 49 44 80 54 80 33 24 14 89 10 14 35 47 26 60 77 87 29 98 29 79 12 18 98 69 67 21 77 32 78 37 22 79 46 13 34 30 77 94 79 78 27 18 84 34 86 74 17 14 
43 0.51 
31 46 73 9 18 76 19 70 50 45 69 54 66 94 42 16 47 60 34 16 100 85 47 96 80 82 65 53 41 19 20 22 16 60 80 78 54 92 19 74 15 78 99 26 19 62 67 95 7 70 68 44 28 62 30 81 89 24 80 8 
23 98 55 47 55 31 48 90 64 79 37 24 5 29 11 88 52 49 34 14 26 52 18 36 17 12 43 59 94 26 66 72 88 44 78 62 55 82 28 41 56 46 82 50 87 82 85 44 73 24 13 87 39 63 7 52 53 66 11 38 
44 0.51 
5 92 69 65 50 62 93 87 30 97 68 41 37 36 81 12 19 32 47 95 89 11 52 35 99 70 44 58 15 58 67 21 6 77 40 10 24 28 59 70 22 55 86 72 34 26 90 16 64 83 56 90 100 41 91 34 11 44 32 53 
62 48 26 39 65 92 34 75 38 79 79 70 9 67 80 61 77 69 40 94 66 70 54 65 51 43 39 6 93 49 44 33 43 7 45 31 96 92 17 49 72 99 46 81 49 32 80 80 69 97 35 99 74 7 17 41 40 24 5 20 
45 0.54 
20 22 37 50 48 91 8 95 99 89 29 20 73 73 17 38 9 65 44 87 69 75 7 81 60 66 88 21 11 50 41 45 95 76 89 17 44 42 73 58 92 50 77 18 81 20 49 58 17 71 73 49 34 78 15 17 100 24 89 49 
47 100 20 12 46 75 73 68 17 61 39 8 20 67 29 23 50 23 12 56 94 32 50 49 33 7 90 82 30 88 94 21 16 36 36 69 12 21 49 73 74 44 17 76 65 77 66 90 78 89 12 61 79 64 41 43 55 74 57 59 
46 0.59 
38 95 15 82 25 20 47 98 26 35 91 94 56 21 17 12 78 87 99 86 28 69 51 84 76 39 7 44 36 73 99 46 64 70 12 62 12 98 27 23 79 53 76 65 65 8 38 29 22 81 70 13 23 28 91 87 59 14 51 76 
41 85 15 98 74 95 98 78 51 66 56 6 72 29 28 61 64 77 96 37 5 55 18 61 85 73 14 56 56 59 45 12 5 14 33 91 13 11 24 18 42 96 38 91 89 20 37 16 13 88 23 30 16 92 87 75 29 22 20 60 
47 0.69 
27 80 87 92 31 51 24 8 95 50 92 24 41 23 96 72 18 96 49 64 9 78 93 71 61 40 33 66 87 42 49 92 40 94 26 90 67 77 12 21 5 70 60 43 97 42 78 32 48 93 53 70 64 34 57 24 49 45 33 46 
70 72 81 46 42 8 68 53 37 65 61 21 23 49 43 64 46 86 54 87 48 36 44 54 34 19 83 67 47 82 92 31 59 83 50 12 22 87 70 83 8 15 76 59 8 93 67 73 63 18 74 100 51 19 55 6 38 11 25 95 
48 0.76 
56 43 81 63 77 61 64 36 20 99 71 57 51 86 86 65 67 80 43 24 34 64 16 10 53 23 77 96 91 59 52 45 72 89 84 37 67 77 80 40 92 18 6 60 78 65 40 58 86 5 23 55 78 29 58 99 35 61 89 54 
60 91 75 88 89 85 51 92 87 42 89 35 27 53 46 8 93 15 8 99 6 78 9 73 55 7 6 99 57 30 61 73 40 52 22 53 85 23 86 28 93 9 7 9 85 40 80 72 59 96 64 53 53 55 23 51 45 11 47 38 
49 0.94 
53 72 42 56 76 73 33 96 20 91 23 32 74 37 74 73 37 11 69 39 60 60 56 17 71 91 73 82 63 24 7 100 33 31 37 40 81 7 8 41 34 92 27 53 70 59 55 53 27 15 79 15 95 21 39 10 99 38 17 72 
64 14 57 23 81 56 99 7 57 44 54 76 44 68 59 47 48 65 79 94 44 56 58 22 64 20 62 22 95 76 92 63 35 74 89 91 75 76 11 27 36 9 52 23 54 65 9 53 79 66 67 23 49 81 38 70 87 88 73 88 
50 0.92 
74 55 10 44 7 34 98 97 49 71 28 96 87 43 30 37 43 13 99 86 12 92 48 77 16 13 54 81 52 30 84 51 19 61 22 30 88 98 87 65 42 74 69 37 88 95 34 19 95 76 71 10 26 87 23 35 64 86 43 39 
29 67 22 43 69 87 77 50 83 62 53 90 14 7 97 10 42 88 13 27 79 79 57 88 56 70 71 50 52 92 95 75 21 100 98 90 61 28 60 65 71 40 30 52 34 56 71 95 93 46 86 78 92 35 90 16 58 99 88 72 
